NEW PAIR---------------
1 1 0.000000 0.000000 0.000000
id: -1.000000 1.000000 1.000000
jd: -1.000000 1.000000 1.000000
1 0 0 0 1
NEW PAIR---------------
1 21 0.000000 -5.472000 -5.472000
id: -1.000000 1.000000 1.000000
jd: 1.000000 1.000000 1.000000
1 -2 0 0 1
NEW PAIR---------------
1 28 -2.736000 -2.736000 -5.472000
id: -1.000000 1.000000 1.000000
jd: 2.000000 0.000000 1.000000
1 -1 -1 0 1
NEW PAIR---------------
1 50 1.368000 -1.368000 -6.840000
id: -1.000000 1.000000 1.000000
jd: 1.250000 0.250000 2.250000
1 -2 -1 1 2
NEW PAIR---------------
1 22 2.736000 -2.736000 -5.472000
id: -1.000000 1.000000 1.000000
jd: 1.000000 1.000000 2.000000
1 -2 0 1 1
NEW PAIR---------------
1 40 -1.368000 1.368000 -6.840000
id: -1.000000 1.000000 1.000000
jd: 0.250000 1.250000 0.250000
1 -1 -2 1 2
NEW PAIR---------------
1 19 -5.472000 0.000000 -5.472000
id: -1.000000 1.000000 1.000000
jd: 1.000000 1.000000 -1.000000
1 0 -2 0 1
NEW PAIR---------------
1 20 -2.736000 2.736000 -5.472000
id: -1.000000 1.000000 1.000000
jd: 1.000000 1.000000 0.000000
1 0 -2 1 1
NEW PAIR---------------
1 11 0.000000 0.000000 -5.472000
id: -1.000000 1.000000 1.000000
jd: 0.000000 2.000000 0.000000
1 -1 -1 1 1
NEW PAIR---------------
1 12 2.736000 2.736000 -5.472000
id: -1.000000 1.000000 1.000000
jd: 0.000000 2.000000 1.000000
1 -1 -1 2 1
NEW PAIR---------------
1 19 5.472000 0.000000 -5.472000
id: -1.000000 1.000000 1.000000
jd: 1.000000 1.000000 -1.000000
1 -2 0 2 1
NEW PAIR---------------
1 21 0.000000 5.472000 -5.472000
id: -1.000000 1.000000 1.000000
jd: 1.000000 1.000000 1.000000
1 0 -2 2 1
NEW PAIR---------------
1 30 -2.736000 -5.472000 -2.736000
id: -1.000000 1.000000 1.000000
jd: 2.000000 1.000000 0.000000
1 -1 0 -1 1
NEW PAIR---------------
1 56 1.368000 -6.840000 -1.368000
id: -1.000000 1.000000 1.000000
jd: 1.250000 2.250000 0.250000
1 -2 1 -1 2
NEW PAIR---------------
1 25 2.736000 -5.472000 -2.736000
id: -1.000000 1.000000 1.000000
jd: 1.000000 2.000000 1.000000
1 -2 1 0 1
NEW PAIR---------------
1 32 -5.472000 -2.736000 -2.736000
id: -1.000000 1.000000 1.000000
jd: 3.000000 0.000000 0.000000
1 0 -1 -1 1
NEW PAIR---------------
1 59 -4.104000 -4.104000 -4.104000
id: -1.000000 1.000000 1.000000
jd: 2.250000 0.250000 0.250000
1 -1 -1 -1 2
NEW PAIR---------------
1 60 -1.368000 -1.368000 -4.104000
id: -1.000000 1.000000 1.000000
jd: 2.250000 0.250000 1.250000
1 -1 -1 0 2
NEW PAIR---------------
1 62 -1.368000 -4.104000 -1.368000
id: -1.000000 1.000000 1.000000
jd: 2.250000 1.250000 0.250000
1 -1 0 -1 2
NEW PAIR---------------
1 64 -4.104000 -1.368000 -1.368000
id: -1.000000 1.000000 1.000000
jd: 3.250000 0.250000 0.250000
1 0 -1 -1 2
NEW PAIR---------------
1 31 0.000000 -2.736000 -2.736000
id: -1.000000 1.000000 1.000000
jd: 2.000000 1.000000 1.000000
1 -1 0 0 1
NEW PAIR---------------
1 53 1.368000 -4.104000 -4.104000
id: -1.000000 1.000000 1.000000
jd: 1.250000 1.250000 1.250000
1 -2 0 0 2
NEW PAIR---------------
1 54 4.104000 -1.368000 -4.104000
id: -1.000000 1.000000 1.000000
jd: 1.250000 1.250000 2.250000
1 -2 0 1 2
NEW PAIR---------------
1 57 4.104000 -4.104000 -1.368000
id: -1.000000 1.000000 1.000000
jd: 1.250000 2.250000 1.250000
1 -2 1 0 2
NEW PAIR---------------
1 63 1.368000 -1.368000 -1.368000
id: -1.000000 1.000000 1.000000
jd: 2.250000 1.250000 1.250000
1 -1 0 0 2
NEW PAIR---------------
1 32 5.472000 -2.736000 -2.736000
id: -1.000000 1.000000 1.000000
jd: 3.000000 0.000000 0.000000
1 -2 1 1 1
NEW PAIR---------------
1 64 6.840000 -1.368000 -1.368000
id: -1.000000 1.000000 1.000000
jd: 3.250000 0.250000 0.250000
1 -2 1 1 2
NEW PAIR---------------
1 45 -6.840000 1.368000 -1.368000
id: -1.000000 1.000000 1.000000
jd: 0.250000 3.250000 0.250000
1 1 -2 -1 2
NEW PAIR---------------
1 23 -2.736000 0.000000 -2.736000
id: -1.000000 1.000000 1.000000
jd: 1.000000 2.000000 -1.000000
1 0 -1 0 1
NEW PAIR---------------
1 29 -5.472000 2.736000 -2.736000
id: -1.000000 1.000000 1.000000
jd: 2.000000 1.000000 -1.000000
1 1 -2 0 1
NEW PAIR---------------
1 51 -4.104000 1.368000 -4.104000
id: -1.000000 1.000000 1.000000
jd: 1.250000 1.250000 -0.750000
1 0 -2 0 2
NEW PAIR---------------
1 52 -1.368000 4.104000 -4.104000
id: -1.000000 1.000000 1.000000
jd: 1.250000 1.250000 0.250000
1 0 -2 1 2
NEW PAIR---------------
1 55 -1.368000 1.368000 -1.368000
id: -1.000000 1.000000 1.000000
jd: 1.250000 2.250000 -0.750000
1 0 -1 0 2
NEW PAIR---------------
1 61 -4.104000 4.104000 -1.368000
id: -1.000000 1.000000 1.000000
jd: 2.250000 1.250000 -0.750000
1 1 -2 0 2
NEW PAIR---------------
1 13 2.736000 0.000000 -2.736000
id: -1.000000 1.000000 1.000000
jd: 0.000000 3.000000 0.000000
1 -1 0 1 1
NEW PAIR---------------
1 24 0.000000 2.736000 -2.736000
id: -1.000000 1.000000 1.000000
jd: 1.000000 2.000000 0.000000
1 0 -1 1 1
NEW PAIR---------------
1 43 1.368000 1.368000 -4.104000
id: -1.000000 1.000000 1.000000
jd: 0.250000 2.250000 0.250000
1 -1 -1 1 2
NEW PAIR---------------
1 44 4.104000 4.104000 -4.104000
id: -1.000000 1.000000 1.000000
jd: 0.250000 2.250000 1.250000
1 -1 -1 2 2
NEW PAIR---------------
1 45 4.104000 1.368000 -1.368000
id: -1.000000 1.000000 1.000000
jd: 0.250000 3.250000 0.250000
1 -1 0 1 2
NEW PAIR---------------
1 56 1.368000 4.104000 -1.368000
id: -1.000000 1.000000 1.000000
jd: 1.250000 2.250000 0.250000
1 0 -1 1 2
NEW PAIR---------------
1 29 5.472000 2.736000 -2.736000
id: -1.000000 1.000000 1.000000
jd: 2.000000 1.000000 -1.000000
1 -1 0 2 1
NEW PAIR---------------
1 30 -2.736000 5.472000 -2.736000
id: -1.000000 1.000000 1.000000
jd: 2.000000 1.000000 0.000000
1 1 -2 1 1
NEW PAIR---------------
1 62 -1.368000 6.840000 -1.368000
id: -1.000000 1.000000 1.000000
jd: 2.250000 1.250000 0.250000
1 1 -2 1 2
NEW PAIR---------------
1 25 2.736000 5.472000 -2.736000
id: -1.000000 1.000000 1.000000
jd: 1.000000 2.000000 1.000000
1 0 -1 2 1
NEW PAIR---------------
1 37 -1.368000 -6.840000 1.368000
id: -1.000000 1.000000 1.000000
jd: 0.250000 0.250000 1.250000
1 -1 1 -2 2
NEW PAIR---------------
1 14 -5.472000 -5.472000 0.000000
id: -1.000000 1.000000 1.000000
jd: 1.000000 -1.000000 1.000000
1 0 0 -2 1
NEW PAIR---------------
1 17 -2.736000 -5.472000 2.736000
id: -1.000000 1.000000 1.000000
jd: 1.000000 0.000000 1.000000
1 0 1 -2 1
NEW PAIR---------------
1 6 0.000000 -5.472000 0.000000
id: -1.000000 1.000000 1.000000
jd: 0.000000 0.000000 2.000000
1 -1 1 -1 1
NEW PAIR---------------
1 10 2.736000 -5.472000 2.736000
id: -1.000000 1.000000 1.000000
jd: 0.000000 1.000000 2.000000
1 -1 2 -1 1
NEW PAIR---------------
1 14 5.472000 -5.472000 0.000000
id: -1.000000 1.000000 1.000000
jd: 1.000000 -1.000000 1.000000
1 -2 2 0 1
NEW PAIR---------------
1 39 -6.840000 -1.368000 1.368000
id: -1.000000 1.000000 1.000000
jd: 0.250000 0.250000 3.250000
1 1 -1 -2 2
NEW PAIR---------------
1 15 -2.736000 -2.736000 0.000000
id: -1.000000 1.000000 1.000000
jd: 1.000000 -1.000000 2.000000
1 0 0 -1 1
NEW PAIR---------------
1 26 -5.472000 -2.736000 2.736000
id: -1.000000 1.000000 1.000000
jd: 2.000000 -1.000000 1.000000
1 1 0 -2 1
NEW PAIR---------------
1 46 -4.104000 -4.104000 1.368000
id: -1.000000 1.000000 1.000000
jd: 1.250000 -0.750000 1.250000
1 0 0 -2 2
NEW PAIR---------------
1 47 -1.368000 -1.368000 1.368000
id: -1.000000 1.000000 1.000000
jd: 1.250000 -0.750000 2.250000
1 0 0 -1 2
NEW PAIR---------------
1 49 -1.368000 -4.104000 4.104000
id: -1.000000 1.000000 1.000000
jd: 1.250000 0.250000 1.250000
1 0 1 -2 2
NEW PAIR---------------
1 58 -4.104000 -1.368000 4.104000
id: -1.000000 1.000000 1.000000
jd: 2.250000 -0.750000 1.250000
1 1 0 -2 2
NEW PAIR---------------
1 7 2.736000 -2.736000 0.000000
id: -1.000000 1.000000 1.000000
jd: 0.000000 0.000000 3.000000
1 -1 1 0 1
NEW PAIR---------------
1 18 0.000000 -2.736000 2.736000
id: -1.000000 1.000000 1.000000
jd: 1.000000 0.000000 2.000000
1 0 1 -1 1
NEW PAIR---------------
1 38 1.368000 -4.104000 1.368000
id: -1.000000 1.000000 1.000000
jd: 0.250000 0.250000 2.250000
1 -1 1 -1 2
NEW PAIR---------------
1 39 4.104000 -1.368000 1.368000
id: -1.000000 1.000000 1.000000
jd: 0.250000 0.250000 3.250000
1 -1 1 0 2
NEW PAIR---------------
1 42 4.104000 -4.104000 4.104000
id: -1.000000 1.000000 1.000000
jd: 0.250000 1.250000 2.250000
1 -1 2 -1 2
NEW PAIR---------------
1 50 1.368000 -1.368000 4.104000
id: -1.000000 1.000000 1.000000
jd: 1.250000 0.250000 2.250000
1 0 1 -1 2
NEW PAIR---------------
1 26 5.472000 -2.736000 2.736000
id: -1.000000 1.000000 1.000000
jd: 2.000000 -1.000000 1.000000
1 -1 2 0 1
NEW PAIR---------------
1 4 -5.472000 0.000000 0.000000
id: -1.000000 1.000000 1.000000
jd: 0.000000 0.000000 0.000000
1 1 -1 -1 1
NEW PAIR---------------
1 5 -2.736000 2.736000 0.000000
id: -1.000000 1.000000 1.000000
jd: 0.000000 0.000000 1.000000
1 1 -1 0 1
NEW PAIR---------------
1 8 -2.736000 0.000000 2.736000
id: -1.000000 1.000000 1.000000
jd: 0.000000 1.000000 0.000000
1 1 0 -1 1
NEW PAIR---------------
1 16 -5.472000 2.736000 2.736000
id: -1.000000 1.000000 1.000000
jd: 1.000000 0.000000 0.000000
1 2 -1 -1 1
NEW PAIR---------------
1 36 -4.104000 1.368000 1.368000
id: -1.000000 1.000000 1.000000
jd: 0.250000 0.250000 0.250000
1 1 -1 -1 2
NEW PAIR---------------
1 37 -1.368000 4.104000 1.368000
id: -1.000000 1.000000 1.000000
jd: 0.250000 0.250000 1.250000
1 1 -1 0 2
NEW PAIR---------------
1 40 -1.368000 1.368000 4.104000
id: -1.000000 1.000000 1.000000
jd: 0.250000 1.250000 0.250000
1 1 0 -1 2
NEW PAIR---------------
1 48 -4.104000 4.104000 4.104000
id: -1.000000 1.000000 1.000000
jd: 1.250000 0.250000 0.250000
1 2 -1 -1 2
NEW PAIR---------------
1 2 2.736000 2.736000 0.000000
id: -1.000000 1.000000 1.000000
jd: -1.000000 1.000000 2.000000
1 0 0 1 1
NEW PAIR---------------
1 3 2.736000 0.000000 2.736000
id: -1.000000 1.000000 1.000000
jd: -1.000000 2.000000 1.000000
1 0 1 0 1
NEW PAIR---------------
1 9 0.000000 2.736000 2.736000
id: -1.000000 1.000000 1.000000
jd: 0.000000 1.000000 1.000000
1 1 0 0 1
NEW PAIR---------------
1 33 1.368000 1.368000 1.368000
id: -1.000000 1.000000 1.000000
jd: -0.750000 1.250000 1.250000
1 0 0 0 2
NEW PAIR---------------
1 34 4.104000 4.104000 1.368000
id: -1.000000 1.000000 1.000000
jd: -0.750000 1.250000 2.250000
1 0 0 1 2
NEW PAIR---------------
1 35 4.104000 1.368000 4.104000
id: -1.000000 1.000000 1.000000
jd: -0.750000 2.250000 1.250000
1 0 1 0 2
NEW PAIR---------------
1 41 1.368000 4.104000 4.104000
id: -1.000000 1.000000 1.000000
jd: 0.250000 1.250000 1.250000
1 1 0 0 2
NEW PAIR---------------
1 4 5.472000 0.000000 0.000000
id: -1.000000 1.000000 1.000000
jd: 0.000000 0.000000 0.000000
1 -1 1 1 1
NEW PAIR---------------
1 16 5.472000 2.736000 2.736000
id: -1.000000 1.000000 1.000000
jd: 1.000000 0.000000 0.000000
1 0 1 1 1
NEW PAIR---------------
1 36 6.840000 1.368000 1.368000
id: -1.000000 1.000000 1.000000
jd: 0.250000 0.250000 0.250000
1 -1 1 1 2
NEW PAIR---------------
1 14 -5.472000 5.472000 0.000000
id: -1.000000 1.000000 1.000000
jd: 1.000000 -1.000000 1.000000
1 2 -2 0 1
NEW PAIR---------------
1 17 -2.736000 5.472000 2.736000
id: -1.000000 1.000000 1.000000
jd: 1.000000 0.000000 1.000000
1 2 -1 0 1
NEW PAIR---------------
1 6 0.000000 5.472000 0.000000
id: -1.000000 1.000000 1.000000
jd: 0.000000 0.000000 2.000000
1 1 -1 1 1
NEW PAIR---------------
1 10 2.736000 5.472000 2.736000
id: -1.000000 1.000000 1.000000
jd: 0.000000 1.000000 2.000000
1 1 0 1 1
NEW PAIR---------------
1 38 1.368000 6.840000 1.368000
id: -1.000000 1.000000 1.000000
jd: 0.250000 0.250000 2.250000
1 1 -1 1 2
NEW PAIR---------------
1 14 5.472000 5.472000 0.000000
id: -1.000000 1.000000 1.000000
jd: 1.000000 -1.000000 1.000000
1 0 0 2 1
NEW PAIR---------------
1 21 0.000000 -5.472000 5.472000
id: -1.000000 1.000000 1.000000
jd: 1.000000 1.000000 1.000000
1 0 2 -2 1
NEW PAIR---------------
1 28 -2.736000 -2.736000 5.472000
id: -1.000000 1.000000 1.000000
jd: 2.000000 0.000000 1.000000
1 1 1 -2 1
NEW PAIR---------------
1 60 -1.368000 -1.368000 6.840000
id: -1.000000 1.000000 1.000000
jd: 2.250000 0.250000 1.250000
1 1 1 -2 2
NEW PAIR---------------
1 22 2.736000 -2.736000 5.472000
id: -1.000000 1.000000 1.000000
jd: 1.000000 1.000000 2.000000
1 0 2 -1 1
NEW PAIR---------------
1 19 -5.472000 0.000000 5.472000
id: -1.000000 1.000000 1.000000
jd: 1.000000 1.000000 -1.000000
1 2 0 -2 1
NEW PAIR---------------
1 20 -2.736000 2.736000 5.472000
id: -1.000000 1.000000 1.000000
jd: 1.000000 1.000000 0.000000
1 2 0 -1 1
NEW PAIR---------------
1 11 0.000000 0.000000 5.472000
id: -1.000000 1.000000 1.000000
jd: 0.000000 2.000000 0.000000
1 1 1 -1 1
NEW PAIR---------------
1 12 2.736000 2.736000 5.472000
id: -1.000000 1.000000 1.000000
jd: 0.000000 2.000000 1.000000
1 1 1 0 1
NEW PAIR---------------
1 43 1.368000 1.368000 6.840000
id: -1.000000 1.000000 1.000000
jd: 0.250000 2.250000 0.250000
1 1 1 -1 2
NEW PAIR---------------
1 19 5.472000 0.000000 5.472000
id: -1.000000 1.000000 1.000000
jd: 1.000000 1.000000 -1.000000
1 0 2 0 1
NEW PAIR---------------
1 21 0.000000 5.472000 5.472000
id: -1.000000 1.000000 1.000000
jd: 1.000000 1.000000 1.000000
1 2 0 0 1
NEW PAIR---------------
33 33 0.000000 0.000000 0.000000
id: -0.750000 1.250000 1.250000
jd: -0.750000 1.250000 1.250000
2 0 0 0 2
NEW PAIR---------------
33 11 -1.368000 -1.368000 -6.840000
id: -0.750000 1.250000 1.250000
jd: 0.000000 2.000000 0.000000
2 -1 -1 1 1
NEW PAIR---------------
33 12 1.368000 1.368000 -6.840000
id: -0.750000 1.250000 1.250000
jd: 0.000000 2.000000 1.000000
2 -1 -1 2 1
NEW PAIR---------------
33 60 -2.736000 -2.736000 -5.472000
id: -0.750000 1.250000 1.250000
jd: 2.250000 0.250000 1.250000
2 -1 -1 0 2
NEW PAIR---------------
33 62 -2.736000 -5.472000 -2.736000
id: -0.750000 1.250000 1.250000
jd: 2.250000 1.250000 0.250000
2 -1 0 -1 2
NEW PAIR---------------
33 64 -5.472000 -2.736000 -2.736000
id: -0.750000 1.250000 1.250000
jd: 3.250000 0.250000 0.250000
2 0 -1 -1 2
NEW PAIR---------------
33 31 -1.368000 -4.104000 -4.104000
id: -0.750000 1.250000 1.250000
jd: 2.000000 1.000000 1.000000
2 -1 0 0 1
NEW PAIR---------------
33 53 0.000000 -5.472000 -5.472000
id: -0.750000 1.250000 1.250000
jd: 1.250000 1.250000 1.250000
2 -2 0 0 2
NEW PAIR---------------
33 54 2.736000 -2.736000 -5.472000
id: -0.750000 1.250000 1.250000
jd: 1.250000 1.250000 2.250000
2 -2 0 1 2
NEW PAIR---------------
33 57 2.736000 -5.472000 -2.736000
id: -0.750000 1.250000 1.250000
jd: 1.250000 2.250000 1.250000
2 -2 1 0 2
NEW PAIR---------------
33 63 0.000000 -2.736000 -2.736000
id: -0.750000 1.250000 1.250000
jd: 2.250000 1.250000 1.250000
2 -1 0 0 2
NEW PAIR---------------
33 32 4.104000 -4.104000 -4.104000
id: -0.750000 1.250000 1.250000
jd: 3.000000 0.000000 0.000000
2 -2 1 1 1
NEW PAIR---------------
33 64 5.472000 -2.736000 -2.736000
id: -0.750000 1.250000 1.250000
jd: 3.250000 0.250000 0.250000
2 -2 1 1 2
NEW PAIR---------------
33 23 -4.104000 -1.368000 -4.104000
id: -0.750000 1.250000 1.250000
jd: 1.000000 2.000000 -1.000000
2 0 -1 0 1
NEW PAIR---------------
33 51 -5.472000 0.000000 -5.472000
id: -0.750000 1.250000 1.250000
jd: 1.250000 1.250000 -0.750000
2 0 -2 0 2
NEW PAIR---------------
33 52 -2.736000 2.736000 -5.472000
id: -0.750000 1.250000 1.250000
jd: 1.250000 1.250000 0.250000
2 0 -2 1 2
NEW PAIR---------------
33 55 -2.736000 0.000000 -2.736000
id: -0.750000 1.250000 1.250000
jd: 1.250000 2.250000 -0.750000
2 0 -1 0 2
NEW PAIR---------------
33 61 -5.472000 2.736000 -2.736000
id: -0.750000 1.250000 1.250000
jd: 2.250000 1.250000 -0.750000
2 1 -2 0 2
NEW PAIR---------------
33 13 1.368000 -1.368000 -4.104000
id: -0.750000 1.250000 1.250000
jd: 0.000000 3.000000 0.000000
2 -1 0 1 1
NEW PAIR---------------
33 24 -1.368000 1.368000 -4.104000
id: -0.750000 1.250000 1.250000
jd: 1.000000 2.000000 0.000000
2 0 -1 1 1
NEW PAIR---------------
33 43 0.000000 0.000000 -5.472000
id: -0.750000 1.250000 1.250000
jd: 0.250000 2.250000 0.250000
2 -1 -1 1 2
NEW PAIR---------------
33 44 2.736000 2.736000 -5.472000
id: -0.750000 1.250000 1.250000
jd: 0.250000 2.250000 1.250000
2 -1 -1 2 2
NEW PAIR---------------
33 45 2.736000 0.000000 -2.736000
id: -0.750000 1.250000 1.250000
jd: 0.250000 3.250000 0.250000
2 -1 0 1 2
NEW PAIR---------------
33 56 0.000000 2.736000 -2.736000
id: -0.750000 1.250000 1.250000
jd: 1.250000 2.250000 0.250000
2 0 -1 1 2
NEW PAIR---------------
33 29 4.104000 1.368000 -4.104000
id: -0.750000 1.250000 1.250000
jd: 2.000000 1.000000 -1.000000
2 -1 0 2 1
NEW PAIR---------------
33 51 5.472000 0.000000 -5.472000
id: -0.750000 1.250000 1.250000
jd: 1.250000 1.250000 -0.750000
2 -2 0 2 2
NEW PAIR---------------
33 61 5.472000 2.736000 -2.736000
id: -0.750000 1.250000 1.250000
jd: 2.250000 1.250000 -0.750000
2 -1 0 2 2
NEW PAIR---------------
33 30 -4.104000 4.104000 -4.104000
id: -0.750000 1.250000 1.250000
jd: 2.000000 1.000000 0.000000
2 1 -2 1 1
NEW PAIR---------------
33 62 -2.736000 5.472000 -2.736000
id: -0.750000 1.250000 1.250000
jd: 2.250000 1.250000 0.250000
2 1 -2 1 2
NEW PAIR---------------
33 25 1.368000 4.104000 -4.104000
id: -0.750000 1.250000 1.250000
jd: 1.000000 2.000000 1.000000
2 0 -1 2 1
NEW PAIR---------------
33 53 0.000000 5.472000 -5.472000
id: -0.750000 1.250000 1.250000
jd: 1.250000 1.250000 1.250000
2 0 -2 2 2
NEW PAIR---------------
33 57 2.736000 5.472000 -2.736000
id: -0.750000 1.250000 1.250000
jd: 1.250000 2.250000 1.250000
2 0 -1 2 2
NEW PAIR---------------
33 6 -1.368000 -6.840000 -1.368000
id: -0.750000 1.250000 1.250000
jd: 0.000000 0.000000 2.000000
2 -1 1 -1 1
NEW PAIR---------------
33 10 1.368000 -6.840000 1.368000
id: -0.750000 1.250000 1.250000
jd: 0.000000 1.000000 2.000000
2 -1 2 -1 1
NEW PAIR---------------
33 15 -4.104000 -4.104000 -1.368000
id: -0.750000 1.250000 1.250000
jd: 1.000000 -1.000000 2.000000
2 0 0 -1 1
NEW PAIR---------------
33 46 -5.472000 -5.472000 0.000000
id: -0.750000 1.250000 1.250000
jd: 1.250000 -0.750000 1.250000
2 0 0 -2 2
NEW PAIR---------------
33 47 -2.736000 -2.736000 0.000000
id: -0.750000 1.250000 1.250000
jd: 1.250000 -0.750000 2.250000
2 0 0 -1 2
NEW PAIR---------------
33 49 -2.736000 -5.472000 2.736000
id: -0.750000 1.250000 1.250000
jd: 1.250000 0.250000 1.250000
2 0 1 -2 2
NEW PAIR---------------
33 58 -5.472000 -2.736000 2.736000
id: -0.750000 1.250000 1.250000
jd: 2.250000 -0.750000 1.250000
2 1 0 -2 2
NEW PAIR---------------
33 7 1.368000 -4.104000 -1.368000
id: -0.750000 1.250000 1.250000
jd: 0.000000 0.000000 3.000000
2 -1 1 0 1
NEW PAIR---------------
33 18 -1.368000 -4.104000 1.368000
id: -0.750000 1.250000 1.250000
jd: 1.000000 0.000000 2.000000
2 0 1 -1 1
NEW PAIR---------------
33 38 0.000000 -5.472000 0.000000
id: -0.750000 1.250000 1.250000
jd: 0.250000 0.250000 2.250000
2 -1 1 -1 2
NEW PAIR---------------
33 39 2.736000 -2.736000 0.000000
id: -0.750000 1.250000 1.250000
jd: 0.250000 0.250000 3.250000
2 -1 1 0 2
NEW PAIR---------------
33 42 2.736000 -5.472000 2.736000
id: -0.750000 1.250000 1.250000
jd: 0.250000 1.250000 2.250000
2 -1 2 -1 2
NEW PAIR---------------
33 50 0.000000 -2.736000 2.736000
id: -0.750000 1.250000 1.250000
jd: 1.250000 0.250000 2.250000
2 0 1 -1 2
NEW PAIR---------------
33 26 4.104000 -4.104000 1.368000
id: -0.750000 1.250000 1.250000
jd: 2.000000 -1.000000 1.000000
2 -1 2 0 1
NEW PAIR---------------
33 46 5.472000 -5.472000 0.000000
id: -0.750000 1.250000 1.250000
jd: 1.250000 -0.750000 1.250000
2 -2 2 0 2
NEW PAIR---------------
33 58 5.472000 -2.736000 2.736000
id: -0.750000 1.250000 1.250000
jd: 2.250000 -0.750000 1.250000
2 -1 2 0 2
NEW PAIR---------------
33 4 -6.840000 -1.368000 -1.368000
id: -0.750000 1.250000 1.250000
jd: 0.000000 0.000000 0.000000
2 1 -1 -1 1
NEW PAIR---------------
33 5 -4.104000 1.368000 -1.368000
id: -0.750000 1.250000 1.250000
jd: 0.000000 0.000000 1.000000
2 1 -1 0 1
NEW PAIR---------------
33 8 -4.104000 -1.368000 1.368000
id: -0.750000 1.250000 1.250000
jd: 0.000000 1.000000 0.000000
2 1 0 -1 1
NEW PAIR---------------
33 16 -6.840000 1.368000 1.368000
id: -0.750000 1.250000 1.250000
jd: 1.000000 0.000000 0.000000
2 2 -1 -1 1
NEW PAIR---------------
33 36 -5.472000 0.000000 0.000000
id: -0.750000 1.250000 1.250000
jd: 0.250000 0.250000 0.250000
2 1 -1 -1 2
NEW PAIR---------------
33 37 -2.736000 2.736000 0.000000
id: -0.750000 1.250000 1.250000
jd: 0.250000 0.250000 1.250000
2 1 -1 0 2
NEW PAIR---------------
33 40 -2.736000 0.000000 2.736000
id: -0.750000 1.250000 1.250000
jd: 0.250000 1.250000 0.250000
2 1 0 -1 2
NEW PAIR---------------
33 48 -5.472000 2.736000 2.736000
id: -0.750000 1.250000 1.250000
jd: 1.250000 0.250000 0.250000
2 2 -1 -1 2
NEW PAIR---------------
33 1 -1.368000 -1.368000 -1.368000
id: -0.750000 1.250000 1.250000
jd: -1.000000 1.000000 1.000000
2 0 0 0 1
NEW PAIR---------------
33 2 1.368000 1.368000 -1.368000
id: -0.750000 1.250000 1.250000
jd: -1.000000 1.000000 2.000000
2 0 0 1 1
NEW PAIR---------------
33 3 1.368000 -1.368000 1.368000
id: -0.750000 1.250000 1.250000
jd: -1.000000 2.000000 1.000000
2 0 1 0 1
NEW PAIR---------------
33 9 -1.368000 1.368000 1.368000
id: -0.750000 1.250000 1.250000
jd: 0.000000 1.000000 1.000000
2 1 0 0 1
NEW PAIR---------------
33 34 2.736000 2.736000 0.000000
id: -0.750000 1.250000 1.250000
jd: -0.750000 1.250000 2.250000
2 0 0 1 2
NEW PAIR---------------
33 35 2.736000 0.000000 2.736000
id: -0.750000 1.250000 1.250000
jd: -0.750000 2.250000 1.250000
2 0 1 0 2
NEW PAIR---------------
33 41 0.000000 2.736000 2.736000
id: -0.750000 1.250000 1.250000
jd: 0.250000 1.250000 1.250000
2 1 0 0 2
NEW PAIR---------------
33 4 4.104000 -1.368000 -1.368000
id: -0.750000 1.250000 1.250000
jd: 0.000000 0.000000 0.000000
2 -1 1 1 1
NEW PAIR---------------
33 5 6.840000 1.368000 -1.368000
id: -0.750000 1.250000 1.250000
jd: 0.000000 0.000000 1.000000
2 -1 1 2 1
NEW PAIR---------------
33 8 6.840000 -1.368000 1.368000
id: -0.750000 1.250000 1.250000
jd: 0.000000 1.000000 0.000000
2 -1 2 1 1
NEW PAIR---------------
33 16 4.104000 1.368000 1.368000
id: -0.750000 1.250000 1.250000
jd: 1.000000 0.000000 0.000000
2 0 1 1 1
NEW PAIR---------------
33 36 5.472000 0.000000 0.000000
id: -0.750000 1.250000 1.250000
jd: 0.250000 0.250000 0.250000
2 -1 1 1 2
NEW PAIR---------------
33 48 5.472000 2.736000 2.736000
id: -0.750000 1.250000 1.250000
jd: 1.250000 0.250000 0.250000
2 0 1 1 2
NEW PAIR---------------
33 17 -4.104000 4.104000 1.368000
id: -0.750000 1.250000 1.250000
jd: 1.000000 0.000000 1.000000
2 2 -1 0 1
NEW PAIR---------------
33 46 -5.472000 5.472000 0.000000
id: -0.750000 1.250000 1.250000
jd: 1.250000 -0.750000 1.250000
2 2 -2 0 2
NEW PAIR---------------
33 49 -2.736000 5.472000 2.736000
id: -0.750000 1.250000 1.250000
jd: 1.250000 0.250000 1.250000
2 2 -1 0 2
NEW PAIR---------------
33 6 -1.368000 4.104000 -1.368000
id: -0.750000 1.250000 1.250000
jd: 0.000000 0.000000 2.000000
2 1 -1 1 1
NEW PAIR---------------
33 7 1.368000 6.840000 -1.368000
id: -0.750000 1.250000 1.250000
jd: 0.000000 0.000000 3.000000
2 1 -1 2 1
NEW PAIR---------------
33 10 1.368000 4.104000 1.368000
id: -0.750000 1.250000 1.250000
jd: 0.000000 1.000000 2.000000
2 1 0 1 1
NEW PAIR---------------
33 18 -1.368000 6.840000 1.368000
id: -0.750000 1.250000 1.250000
jd: 1.000000 0.000000 2.000000
2 2 -1 1 1
NEW PAIR---------------
33 38 0.000000 5.472000 0.000000
id: -0.750000 1.250000 1.250000
jd: 0.250000 0.250000 2.250000
2 1 -1 1 2
NEW PAIR---------------
33 42 2.736000 5.472000 2.736000
id: -0.750000 1.250000 1.250000
jd: 0.250000 1.250000 2.250000
2 1 0 1 2
NEW PAIR---------------
33 14 4.104000 4.104000 -1.368000
id: -0.750000 1.250000 1.250000
jd: 1.000000 -1.000000 1.000000
2 0 0 2 1
NEW PAIR---------------
33 46 5.472000 5.472000 0.000000
id: -0.750000 1.250000 1.250000
jd: 1.250000 -0.750000 1.250000
2 0 0 2 2
NEW PAIR---------------
33 28 -4.104000 -4.104000 4.104000
id: -0.750000 1.250000 1.250000
jd: 2.000000 0.000000 1.000000
2 1 1 -2 1
NEW PAIR---------------
33 60 -2.736000 -2.736000 5.472000
id: -0.750000 1.250000 1.250000
jd: 2.250000 0.250000 1.250000
2 1 1 -2 2
NEW PAIR---------------
33 22 1.368000 -4.104000 4.104000
id: -0.750000 1.250000 1.250000
jd: 1.000000 1.000000 2.000000
2 0 2 -1 1
NEW PAIR---------------
33 53 0.000000 -5.472000 5.472000
id: -0.750000 1.250000 1.250000
jd: 1.250000 1.250000 1.250000
2 0 2 -2 2
NEW PAIR---------------
33 54 2.736000 -2.736000 5.472000
id: -0.750000 1.250000 1.250000
jd: 1.250000 1.250000 2.250000
2 0 2 -1 2
NEW PAIR---------------
33 20 -4.104000 1.368000 4.104000
id: -0.750000 1.250000 1.250000
jd: 1.000000 1.000000 0.000000
2 2 0 -1 1
NEW PAIR---------------
33 51 -5.472000 0.000000 5.472000
id: -0.750000 1.250000 1.250000
jd: 1.250000 1.250000 -0.750000
2 2 0 -2 2
NEW PAIR---------------
33 52 -2.736000 2.736000 5.472000
id: -0.750000 1.250000 1.250000
jd: 1.250000 1.250000 0.250000
2 2 0 -1 2
NEW PAIR---------------
33 11 -1.368000 -1.368000 4.104000
id: -0.750000 1.250000 1.250000
jd: 0.000000 2.000000 0.000000
2 1 1 -1 1
NEW PAIR---------------
33 12 1.368000 1.368000 4.104000
id: -0.750000 1.250000 1.250000
jd: 0.000000 2.000000 1.000000
2 1 1 0 1
NEW PAIR---------------
33 13 1.368000 -1.368000 6.840000
id: -0.750000 1.250000 1.250000
jd: 0.000000 3.000000 0.000000
2 1 2 -1 1
NEW PAIR---------------
33 24 -1.368000 1.368000 6.840000
id: -0.750000 1.250000 1.250000
jd: 1.000000 2.000000 0.000000
2 2 1 -1 1
NEW PAIR---------------
33 43 0.000000 0.000000 5.472000
id: -0.750000 1.250000 1.250000
jd: 0.250000 2.250000 0.250000
2 1 1 -1 2
NEW PAIR---------------
33 44 2.736000 2.736000 5.472000
id: -0.750000 1.250000 1.250000
jd: 0.250000 2.250000 1.250000
2 1 1 0 2
NEW PAIR---------------
33 19 4.104000 -1.368000 4.104000
id: -0.750000 1.250000 1.250000
jd: 1.000000 1.000000 -1.000000
2 0 2 0 1
NEW PAIR---------------
33 51 5.472000 0.000000 5.472000
id: -0.750000 1.250000 1.250000
jd: 1.250000 1.250000 -0.750000
2 0 2 0 2
NEW PAIR---------------
33 21 -1.368000 4.104000 4.104000
id: -0.750000 1.250000 1.250000
jd: 1.000000 1.000000 1.000000
2 2 0 0 1
NEW PAIR---------------
33 53 0.000000 5.472000 5.472000
id: -0.750000 1.250000 1.250000
jd: 1.250000 1.250000 1.250000
2 2 0 0 2
NEW PAIR---------------
33 27 4.104000 4.104000 4.104000
id: -0.750000 1.250000 1.250000
jd: 2.000000 0.000000 0.000000
2 1 1 1 1
