1 0 0 0 0 0.000000000000000 0.000000000000000 0.000000000000000 0.000000000000000 0.000000000000000 0.000000000000000 0.000000000000000 0.000000000000000 0.000000000000000
1 0 0 0 1 0.000000000000000 0.000000000000000 0.000000000000000 0.000000000000000 0.000000000000000 0.000000000000000 0.000000000000000 0.000000000000000 0.000000000000000
1 -2 0 0 1 0.000000000000000 0.000000000000000 0.000000000000000 0.000000000000000 0.000000000000000 0.000000000000000 0.000000000000000 0.000000000000000 0.000000000000000
1 -1 -1 0 1 0.000000000000000 0.000000000000000 0.000000000000000 0.000000000000000 0.000000000000000 0.000000000000000 0.000000000000000 0.000000000000000 0.000000000000000
1 -2 -1 1 2 0.000329810000000 0.000867490000000 0.000345440000000 0.000867490000000 0.000329810000000 -0.000345440000000 0.000345440000000 -0.000345440000000 -0.000485480000000
1 -2 0 1 1 0.000000000000000 0.000000000000000 0.000000000000000 0.000000000000000 0.000000000000000 0.000000000000000 0.000000000000000 0.000000000000000 0.000000000000000
1 -1 -2 1 2 0.000329810000000 0.000867490000000 -0.000345440000000 0.000867490000000 0.000329810000000 0.000345440000000 -0.000345440000000 0.000345440000000 -0.000485480000000
1 0 -2 0 1 0.000000000000000 0.000000000000000 0.000000000000000 0.000000000000000 0.000000000000000 0.000000000000000 0.000000000000000 0.000000000000000 0.000000000000000
1 0 -2 1 1 0.000000000000000 0.000000000000000 0.000000000000000 0.000000000000000 0.000000000000000 0.000000000000000 0.000000000000000 0.000000000000000 0.000000000000000
1 -1 -1 1 1 0.000000000000000 0.000000000000000 0.000000000000000 0.000000000000000 0.000000000000000 0.000000000000000 0.000000000000000 0.000000000000000 0.000000000000000
1 -1 -1 2 1 0.000000000000000 0.000000000000000 0.000000000000000 0.000000000000000 0.000000000000000 0.000000000000000 0.000000000000000 0.000000000000000 0.000000000000000
1 -2 0 2 1 0.000000000000000 0.000000000000000 0.000000000000000 0.000000000000000 0.000000000000000 0.000000000000000 0.000000000000000 0.000000000000000 0.000000000000000
1 0 -2 2 1 0.000000000000000 0.000000000000000 0.000000000000000 0.000000000000000 0.000000000000000 0.000000000000000 0.000000000000000 0.000000000000000 0.000000000000000
1 -1 0 -1 1 0.000000000000000 0.000000000000000 0.000000000000000 0.000000000000000 0.000000000000000 0.000000000000000 0.000000000000000 0.000000000000000 0.000000000000000
1 -2 1 -1 2 0.000329810000000 0.000345440000000 0.000867490000000 0.000345440000000 -0.000485480000000 -0.000345440000000 0.000867490000000 -0.000345440000000 0.000329810000000
1 -2 1 0 1 0.000000000000000 0.000000000000000 0.000000000000000 0.000000000000000 0.000000000000000 0.000000000000000 0.000000000000000 0.000000000000000 0.000000000000000
1 0 -1 -1 1 0.000000000000000 0.000000000000000 0.000000000000000 0.000000000000000 0.000000000000000 0.000000000000000 0.000000000000000 0.000000000000000 0.000000000000000
1 -1 -1 -1 2 0.000000000000000 0.000000000000000 0.000000000000000 0.000000000000000 0.000000000000000 0.000000000000000 0.000000000000000 0.000000000000000 0.000000000000000
1 -1 -1 0 2 0.000329810000000 -0.000867490000000 0.000345440000000 -0.000867490000000 0.000329810000000 0.000345440000000 0.000345440000000 0.000345440000000 -0.000485480000000
1 -1 0 -1 2 0.000329810000000 0.000345440000000 -0.000867490000000 0.000345440000000 -0.000485480000000 0.000345440000000 -0.000867490000000 0.000345440000000 0.000329810000000
1 0 -1 -1 2 -0.000485480000000 0.000345440000000 0.000345440000000 0.000345440000000 0.000329810000000 -0.000867490000000 0.000345440000000 -0.000867490000000 0.000329810000000
1 -1 0 0 1 0.008011500000000 -0.001944370000000 -0.001944370000000 0.001944370000000 -0.004464640000000 -0.003941110000000 0.001944370000000 -0.003941110000000 -0.004464640000000
1 -2 0 0 2 0.000000000000000 0.000000000000000 0.000000000000000 0.000000000000000 0.000000000000000 0.000000000000000 0.000000000000000 0.000000000000000 0.000000000000000
1 -2 0 1 2 0.000000000000000 0.000000000000000 0.000000000000000 0.000000000000000 0.000000000000000 0.000000000000000 0.000000000000000 0.000000000000000 0.000000000000000
1 -2 1 0 2 0.000000000000000 0.000000000000000 0.000000000000000 0.000000000000000 0.000000000000000 0.000000000000000 0.000000000000000 0.000000000000000 0.000000000000000
1 -1 0 0 2 0.000000000000000 -0.000000000000000 -0.000000000000000 -0.000000000000000 0.000000000000000 0.000000000000000 -0.000000000000000 0.000000000000000 0.000000000000000
1 -2 1 1 1 0.000000000000000 0.000000000000000 0.000000000000000 0.000000000000000 0.000000000000000 0.000000000000000 0.000000000000000 0.000000000000000 0.000000000000000
1 -2 1 1 2 -0.000485480000000 0.000345440000000 0.000345440000000 0.000345440000000 0.000329810000000 -0.000867490000000 0.000345440000000 -0.000867490000000 0.000329810000000
1 1 -2 -1 2 -0.000485480000000 0.000345440000000 -0.000345440000000 0.000345440000000 0.000329810000000 0.000867490000000 -0.000345440000000 0.000867490000000 0.000329810000000
1 0 -1 0 1 -0.004464640000000 0.001944370000000 -0.003941110000000 -0.001944370000000 0.008011500000000 -0.001944370000000 -0.003941110000000 0.001944370000000 -0.004464640000000
1 1 -2 0 1 0.000000000000000 0.000000000000000 0.000000000000000 0.000000000000000 0.000000000000000 0.000000000000000 0.000000000000000 0.000000000000000 0.000000000000000
1 0 -2 0 2 0.000000000000000 0.000000000000000 0.000000000000000 0.000000000000000 0.000000000000000 0.000000000000000 0.000000000000000 0.000000000000000 0.000000000000000
1 0 -2 1 2 0.000000000000000 0.000000000000000 0.000000000000000 0.000000000000000 0.000000000000000 0.000000000000000 0.000000000000000 0.000000000000000 0.000000000000000
1 0 -1 0 2 0.000000000000000 -0.000000000000000 0.000000000000000 -0.000000000000000 0.000000000000000 -0.000000000000000 0.000000000000000 -0.000000000000000 0.000000000000000
1 1 -2 0 2 0.000000000000000 0.000000000000000 0.000000000000000 0.000000000000000 0.000000000000000 0.000000000000000 0.000000000000000 0.000000000000000 0.000000000000000
1 -1 0 1 1 -0.004464640000000 0.001944370000000 0.003941110000000 -0.001944370000000 0.008011500000000 0.001944370000000 0.003941110000000 -0.001944370000000 -0.004464640000000
1 0 -1 1 1 0.008011500000000 -0.001944370000000 0.001944370000000 0.001944370000000 -0.004464640000000 0.003941110000000 -0.001944370000000 0.003941110000000 -0.004464640000000
1 -1 -1 1 2 0.000329810000000 -0.000867490000000 -0.000345440000000 -0.000867490000000 0.000329810000000 -0.000345440000000 -0.000345440000000 -0.000345440000000 -0.000485480000000
1 -1 -1 2 2 0.000000000000000 0.000000000000000 0.000000000000000 0.000000000000000 0.000000000000000 0.000000000000000 0.000000000000000 0.000000000000000 0.000000000000000
1 -1 0 1 2 -0.000485480000000 0.000345440000000 -0.000345440000000 0.000345440000000 0.000329810000000 0.000867490000000 -0.000345440000000 0.000867490000000 0.000329810000000
1 0 -1 1 2 0.000329810000000 0.000345440000000 0.000867490000000 0.000345440000000 -0.000485480000000 -0.000345440000000 0.000867490000000 -0.000345440000000 0.000329810000000
1 -1 0 2 1 0.000000000000000 0.000000000000000 0.000000000000000 0.000000000000000 0.000000000000000 0.000000000000000 0.000000000000000 0.000000000000000 0.000000000000000
1 1 -2 1 1 0.000000000000000 0.000000000000000 0.000000000000000 0.000000000000000 0.000000000000000 0.000000000000000 0.000000000000000 0.000000000000000 0.000000000000000
1 1 -2 1 2 0.000329810000000 0.000345440000000 -0.000867490000000 0.000345440000000 -0.000485480000000 0.000345440000000 -0.000867490000000 0.000345440000000 0.000329810000000
1 0 -1 2 1 0.000000000000000 0.000000000000000 0.000000000000000 0.000000000000000 0.000000000000000 0.000000000000000 0.000000000000000 0.000000000000000 0.000000000000000
1 -1 1 -2 2 0.000329810000000 -0.000345440000000 0.000867490000000 -0.000345440000000 -0.000485480000000 0.000345440000000 0.000867490000000 0.000345440000000 0.000329810000000
1 0 0 -2 1 0.000000000000000 0.000000000000000 0.000000000000000 0.000000000000000 0.000000000000000 0.000000000000000 0.000000000000000 0.000000000000000 0.000000000000000
1 0 1 -2 1 0.000000000000000 0.000000000000000 0.000000000000000 0.000000000000000 0.000000000000000 0.000000000000000 0.000000000000000 0.000000000000000 0.000000000000000
1 -1 1 -1 1 0.000000000000000 0.000000000000000 0.000000000000000 0.000000000000000 0.000000000000000 0.000000000000000 0.000000000000000 0.000000000000000 0.000000000000000
1 -1 2 -1 1 0.000000000000000 0.000000000000000 0.000000000000000 0.000000000000000 0.000000000000000 0.000000000000000 0.000000000000000 0.000000000000000 0.000000000000000
1 -2 2 0 1 0.000000000000000 0.000000000000000 0.000000000000000 0.000000000000000 0.000000000000000 0.000000000000000 0.000000000000000 0.000000000000000 0.000000000000000
1 1 -1 -2 2 -0.000485480000000 -0.000345440000000 0.000345440000000 -0.000345440000000 0.000329810000000 0.000867490000000 0.000345440000000 0.000867490000000 0.000329810000000
1 0 0 -1 1 -0.004464640000000 -0.003941110000000 0.001944370000000 -0.003941110000000 -0.004464640000000 0.001944370000000 -0.001944370000000 -0.001944370000000 0.008011500000000
1 1 0 -2 1 0.000000000000000 0.000000000000000 0.000000000000000 0.000000000000000 0.000000000000000 0.000000000000000 0.000000000000000 0.000000000000000 0.000000000000000
1 0 0 -2 2 0.000000000000000 0.000000000000000 0.000000000000000 0.000000000000000 0.000000000000000 0.000000000000000 0.000000000000000 0.000000000000000 0.000000000000000
1 0 0 -1 2 0.000000000000000 0.000000000000000 -0.000000000000000 0.000000000000000 0.000000000000000 -0.000000000000000 -0.000000000000000 -0.000000000000000 0.000000000000000
1 0 1 -2 2 0.000000000000000 0.000000000000000 0.000000000000000 0.000000000000000 0.000000000000000 0.000000000000000 0.000000000000000 0.000000000000000 0.000000000000000
1 1 0 -2 2 0.000000000000000 0.000000000000000 0.000000000000000 0.000000000000000 0.000000000000000 0.000000000000000 0.000000000000000 0.000000000000000 0.000000000000000
1 -1 1 0 1 -0.004464640000000 0.003941110000000 0.001944370000000 0.003941110000000 -0.004464640000000 -0.001944370000000 -0.001944370000000 0.001944370000000 0.008011500000000
1 0 1 -1 1 0.008011500000000 0.001944370000000 -0.001944370000000 -0.001944370000000 -0.004464640000000 0.003941110000000 0.001944370000000 0.003941110000000 -0.004464640000000
1 -1 1 -1 2 0.000329810000000 -0.000345440000000 -0.000867490000000 -0.000345440000000 -0.000485480000000 -0.000345440000000 -0.000867490000000 -0.000345440000000 0.000329810000000
1 -1 1 0 2 -0.000485480000000 -0.000345440000000 0.000345440000000 -0.000345440000000 0.000329810000000 0.000867490000000 0.000345440000000 0.000867490000000 0.000329810000000
1 -1 2 -1 2 0.000000000000000 0.000000000000000 0.000000000000000 0.000000000000000 0.000000000000000 0.000000000000000 0.000000000000000 0.000000000000000 0.000000000000000
1 0 1 -1 2 0.000329810000000 0.000867490000000 0.000345440000000 0.000867490000000 0.000329810000000 -0.000345440000000 0.000345440000000 -0.000345440000000 -0.000485480000000
1 -1 2 0 1 0.000000000000000 0.000000000000000 0.000000000000000 0.000000000000000 0.000000000000000 0.000000000000000 0.000000000000000 0.000000000000000 0.000000000000000
1 1 -1 -1 1 0.000000000000000 0.000000000000000 0.000000000000000 0.000000000000000 0.000000000000000 0.000000000000000 0.000000000000000 0.000000000000000 0.000000000000000
1 1 -1 0 1 -0.004464640000000 0.003941110000000 -0.001944370000000 0.003941110000000 -0.004464640000000 0.001944370000000 0.001944370000000 -0.001944370000000 0.008011500000000
1 1 0 -1 1 -0.004464640000000 -0.001944370000000 0.003941110000000 0.001944370000000 0.008011500000000 -0.001944370000000 0.003941110000000 0.001944370000000 -0.004464640000000
1 2 -1 -1 1 0.000000000000000 0.000000000000000 0.000000000000000 0.000000000000000 0.000000000000000 0.000000000000000 0.000000000000000 0.000000000000000 0.000000000000000
1 1 -1 -1 2 -0.000485480000000 -0.000345440000000 -0.000345440000000 -0.000345440000000 0.000329810000000 -0.000867490000000 -0.000345440000000 -0.000867490000000 0.000329810000000
1 1 -1 0 2 0.000329810000000 -0.000345440000000 0.000867490000000 -0.000345440000000 -0.000485480000000 0.000345440000000 0.000867490000000 0.000345440000000 0.000329810000000
1 1 0 -1 2 0.000329810000000 0.000867490000000 -0.000345440000000 0.000867490000000 0.000329810000000 0.000345440000000 -0.000345440000000 0.000345440000000 -0.000485480000000
1 2 -1 -1 2 0.000000000000000 0.000000000000000 0.000000000000000 0.000000000000000 0.000000000000000 0.000000000000000 0.000000000000000 0.000000000000000 0.000000000000000
1 0 0 1 1 -0.004464640000000 -0.003941110000000 -0.001944370000000 -0.003941110000000 -0.004464640000000 -0.001944370000000 0.001944370000000 0.001944370000000 0.008011500000000
1 0 1 0 1 -0.004464640000000 -0.001944370000000 -0.003941110000000 0.001944370000000 0.008011500000000 0.001944370000000 -0.003941110000000 -0.001944370000000 -0.004464640000000
1 1 0 0 1 0.008011500000000 0.001944370000000 0.001944370000000 -0.001944370000000 -0.004464640000000 -0.003941110000000 -0.001944370000000 -0.003941110000000 -0.004464640000000
1 0 0 0 2 0.000000000000000 0.000000000000000 0.000000000000000 0.000000000000000 0.000000000000000 0.000000000000000 0.000000000000000 0.000000000000000 0.000000000000000
1 0 0 1 2 0.000000000000000 0.000000000000000 0.000000000000000 0.000000000000000 0.000000000000000 0.000000000000000 0.000000000000000 0.000000000000000 0.000000000000000
1 0 1 0 2 0.000000000000000 0.000000000000000 0.000000000000000 0.000000000000000 0.000000000000000 0.000000000000000 0.000000000000000 0.000000000000000 0.000000000000000
1 1 0 0 2 0.000000000000000 0.000000000000000 0.000000000000000 0.000000000000000 0.000000000000000 0.000000000000000 0.000000000000000 0.000000000000000 0.000000000000000
1 -1 1 1 1 0.000000000000000 0.000000000000000 0.000000000000000 0.000000000000000 0.000000000000000 0.000000000000000 0.000000000000000 0.000000000000000 0.000000000000000
1 0 1 1 1 0.000000000000000 0.000000000000000 0.000000000000000 0.000000000000000 0.000000000000000 0.000000000000000 0.000000000000000 0.000000000000000 0.000000000000000
1 -1 1 1 2 -0.000485480000000 -0.000345440000000 -0.000345440000000 -0.000345440000000 0.000329810000000 -0.000867490000000 -0.000345440000000 -0.000867490000000 0.000329810000000
1 2 -2 0 1 0.000000000000000 0.000000000000000 0.000000000000000 0.000000000000000 0.000000000000000 0.000000000000000 0.000000000000000 0.000000000000000 0.000000000000000
1 2 -1 0 1 0.000000000000000 0.000000000000000 0.000000000000000 0.000000000000000 0.000000000000000 0.000000000000000 0.000000000000000 0.000000000000000 0.000000000000000
1 1 -1 1 1 0.000000000000000 0.000000000000000 0.000000000000000 0.000000000000000 0.000000000000000 0.000000000000000 0.000000000000000 0.000000000000000 0.000000000000000
1 1 0 1 1 0.000000000000000 0.000000000000000 0.000000000000000 0.000000000000000 0.000000000000000 0.000000000000000 0.000000000000000 0.000000000000000 0.000000000000000
1 1 -1 1 2 0.000329810000000 -0.000345440000000 -0.000867490000000 -0.000345440000000 -0.000485480000000 -0.000345440000000 -0.000867490000000 -0.000345440000000 0.000329810000000
1 0 0 2 1 0.000000000000000 0.000000000000000 0.000000000000000 0.000000000000000 0.000000000000000 0.000000000000000 0.000000000000000 0.000000000000000 0.000000000000000
1 0 2 -2 1 0.000000000000000 0.000000000000000 0.000000000000000 0.000000000000000 0.000000000000000 0.000000000000000 0.000000000000000 0.000000000000000 0.000000000000000
1 1 1 -2 1 0.000000000000000 0.000000000000000 0.000000000000000 0.000000000000000 0.000000000000000 0.000000000000000 0.000000000000000 0.000000000000000 0.000000000000000
1 1 1 -2 2 0.000329810000000 -0.000867490000000 0.000345440000000 -0.000867490000000 0.000329810000000 0.000345440000000 0.000345440000000 0.000345440000000 -0.000485480000000
1 0 2 -1 1 0.000000000000000 0.000000000000000 0.000000000000000 0.000000000000000 0.000000000000000 0.000000000000000 0.000000000000000 0.000000000000000 0.000000000000000
1 2 0 -2 1 0.000000000000000 0.000000000000000 0.000000000000000 0.000000000000000 0.000000000000000 0.000000000000000 0.000000000000000 0.000000000000000 0.000000000000000
1 2 0 -1 1 0.000000000000000 0.000000000000000 0.000000000000000 0.000000000000000 0.000000000000000 0.000000000000000 0.000000000000000 0.000000000000000 0.000000000000000
1 1 1 -1 1 0.000000000000000 0.000000000000000 0.000000000000000 0.000000000000000 0.000000000000000 0.000000000000000 0.000000000000000 0.000000000000000 0.000000000000000
1 1 1 0 1 0.000000000000000 0.000000000000000 0.000000000000000 0.000000000000000 0.000000000000000 0.000000000000000 0.000000000000000 0.000000000000000 0.000000000000000
1 1 1 -1 2 0.000329810000000 -0.000867490000000 -0.000345440000000 -0.000867490000000 0.000329810000000 -0.000345440000000 -0.000345440000000 -0.000345440000000 -0.000485480000000
1 0 2 0 1 0.000000000000000 0.000000000000000 0.000000000000000 0.000000000000000 0.000000000000000 0.000000000000000 0.000000000000000 0.000000000000000 0.000000000000000
1 2 0 0 1 0.000000000000000 0.000000000000000 0.000000000000000 0.000000000000000 0.000000000000000 0.000000000000000 0.000000000000000 0.000000000000000 0.000000000000000
2 0 0 0 0 0.000000000000000 0.000000000000000 0.000000000000000 0.000000000000000 0.000000000000000 0.000000000000000 0.000000000000000 0.000000000000000 0.000000000000000
2 0 0 0 2 0.000000000000000 0.000000000000000 0.000000000000000 0.000000000000000 0.000000000000000 0.000000000000000 0.000000000000000 0.000000000000000 0.000000000000000
2 -1 -1 1 1 0.000329810000000 -0.000867490000000 -0.000345440000000 -0.000867490000000 0.000329810000000 -0.000345440000000 -0.000345440000000 -0.000345440000000 -0.000485480000000
2 -1 -1 2 1 0.000329810000000 -0.000867490000000 0.000345440000000 -0.000867490000000 0.000329810000000 0.000345440000000 0.000345440000000 0.000345440000000 -0.000485480000000
2 -1 -1 0 2 0.000000000000000 0.000000000000000 0.000000000000000 0.000000000000000 0.000000000000000 0.000000000000000 0.000000000000000 0.000000000000000 0.000000000000000
2 -1 0 -1 2 0.000000000000000 0.000000000000000 0.000000000000000 0.000000000000000 0.000000000000000 0.000000000000000 0.000000000000000 0.000000000000000 0.000000000000000
2 0 -1 -1 2 0.000000000000000 0.000000000000000 0.000000000000000 0.000000000000000 0.000000000000000 0.000000000000000 0.000000000000000 0.000000000000000 0.000000000000000
2 -1 0 0 1 0.000000000000000 0.000000000000000 0.000000000000000 0.000000000000000 0.000000000000000 0.000000000000000 0.000000000000000 0.000000000000000 0.000000000000000
2 -2 0 0 2 0.000000000000000 0.000000000000000 0.000000000000000 0.000000000000000 0.000000000000000 0.000000000000000 0.000000000000000 0.000000000000000 0.000000000000000
2 -2 0 1 2 0.000000000000000 0.000000000000000 0.000000000000000 0.000000000000000 0.000000000000000 0.000000000000000 0.000000000000000 0.000000000000000 0.000000000000000
2 -2 1 0 2 0.000000000000000 0.000000000000000 0.000000000000000 0.000000000000000 0.000000000000000 0.000000000000000 0.000000000000000 0.000000000000000 0.000000000000000
2 -1 0 0 2 0.008011500000000 0.001944370000000 0.001944370000000 -0.001944370000000 -0.004464640000000 -0.003941110000000 -0.001944370000000 -0.003941110000000 -0.004464640000000
2 -2 1 1 1 0.000000000000000 0.000000000000000 0.000000000000000 0.000000000000000 0.000000000000000 0.000000000000000 0.000000000000000 0.000000000000000 0.000000000000000
2 -2 1 1 2 0.000000000000000 0.000000000000000 0.000000000000000 0.000000000000000 0.000000000000000 0.000000000000000 0.000000000000000 0.000000000000000 0.000000000000000
2 0 -1 0 1 0.000000000000000 0.000000000000000 0.000000000000000 0.000000000000000 0.000000000000000 0.000000000000000 0.000000000000000 0.000000000000000 0.000000000000000
2 0 -2 0 2 0.000000000000000 0.000000000000000 0.000000000000000 0.000000000000000 0.000000000000000 0.000000000000000 0.000000000000000 0.000000000000000 0.000000000000000
2 0 -2 1 2 0.000000000000000 0.000000000000000 0.000000000000000 0.000000000000000 0.000000000000000 0.000000000000000 0.000000000000000 0.000000000000000 0.000000000000000
2 0 -1 0 2 -0.004464640000000 -0.001944370000000 -0.003941110000000 0.001944370000000 0.008011500000000 0.001944370000000 -0.003941110000000 -0.001944370000000 -0.004464640000000
2 1 -2 0 2 0.000000000000000 0.000000000000000 0.000000000000000 0.000000000000000 0.000000000000000 0.000000000000000 0.000000000000000 0.000000000000000 0.000000000000000
2 -1 0 1 1 0.000329810000000 0.000867490000000 -0.000345440000000 0.000867490000000 0.000329810000000 0.000345440000000 -0.000345440000000 0.000345440000000 -0.000485480000000
2 0 -1 1 1 0.000329810000000 0.000867490000000 0.000345440000000 0.000867490000000 0.000329810000000 -0.000345440000000 0.000345440000000 -0.000345440000000 -0.000485480000000
2 -1 -1 1 2 0.000000000000000 0.000000000000000 0.000000000000000 0.000000000000000 0.000000000000000 0.000000000000000 0.000000000000000 0.000000000000000 0.000000000000000
2 -1 -1 2 2 0.000000000000000 0.000000000000000 0.000000000000000 0.000000000000000 0.000000000000000 0.000000000000000 0.000000000000000 0.000000000000000 0.000000000000000
2 -1 0 1 2 -0.004464640000000 -0.001944370000000 0.003941110000000 0.001944370000000 0.008011500000000 -0.001944370000000 0.003941110000000 0.001944370000000 -0.004464640000000
2 0 -1 1 2 0.008011500000000 0.001944370000000 -0.001944370000000 -0.001944370000000 -0.004464640000000 0.003941110000000 0.001944370000000 0.003941110000000 -0.004464640000000
2 -1 0 2 1 0.000000000000000 0.000000000000000 0.000000000000000 0.000000000000000 0.000000000000000 0.000000000000000 0.000000000000000 0.000000000000000 0.000000000000000
2 -2 0 2 2 0.000000000000000 0.000000000000000 0.000000000000000 0.000000000000000 0.000000000000000 0.000000000000000 0.000000000000000 0.000000000000000 0.000000000000000
2 -1 0 2 2 0.000000000000000 0.000000000000000 0.000000000000000 0.000000000000000 0.000000000000000 0.000000000000000 0.000000000000000 0.000000000000000 0.000000000000000
2 1 -2 1 1 0.000000000000000 0.000000000000000 0.000000000000000 0.000000000000000 0.000000000000000 0.000000000000000 0.000000000000000 0.000000000000000 0.000000000000000
2 1 -2 1 2 0.000000000000000 0.000000000000000 0.000000000000000 0.000000000000000 0.000000000000000 0.000000000000000 0.000000000000000 0.000000000000000 0.000000000000000
2 0 -1 2 1 0.000000000000000 0.000000000000000 0.000000000000000 0.000000000000000 0.000000000000000 0.000000000000000 0.000000000000000 0.000000000000000 0.000000000000000
2 0 -2 2 2 0.000000000000000 0.000000000000000 0.000000000000000 0.000000000000000 0.000000000000000 0.000000000000000 0.000000000000000 0.000000000000000 0.000000000000000
2 0 -1 2 2 0.000000000000000 0.000000000000000 0.000000000000000 0.000000000000000 0.000000000000000 0.000000000000000 0.000000000000000 0.000000000000000 0.000000000000000
2 -1 1 -1 1 0.000329810000000 -0.000345440000000 -0.000867490000000 -0.000345440000000 -0.000485480000000 -0.000345440000000 -0.000867490000000 -0.000345440000000 0.000329810000000
2 -1 2 -1 1 0.000329810000000 0.000345440000000 -0.000867490000000 0.000345440000000 -0.000485480000000 0.000345440000000 -0.000867490000000 0.000345440000000 0.000329810000000
2 0 0 -1 1 0.000000000000000 0.000000000000000 0.000000000000000 0.000000000000000 0.000000000000000 0.000000000000000 0.000000000000000 0.000000000000000 0.000000000000000
2 0 0 -2 2 0.000000000000000 0.000000000000000 0.000000000000000 0.000000000000000 0.000000000000000 0.000000000000000 0.000000000000000 0.000000000000000 0.000000000000000
2 0 0 -1 2 -0.004464640000000 -0.003941110000000 -0.001944370000000 -0.003941110000000 -0.004464640000000 -0.001944370000000 0.001944370000000 0.001944370000000 0.008011500000000
2 0 1 -2 2 0.000000000000000 0.000000000000000 0.000000000000000 0.000000000000000 0.000000000000000 0.000000000000000 0.000000000000000 0.000000000000000 0.000000000000000
2 1 0 -2 2 0.000000000000000 0.000000000000000 0.000000000000000 0.000000000000000 0.000000000000000 0.000000000000000 0.000000000000000 0.000000000000000 0.000000000000000
2 -1 1 0 1 0.000329810000000 -0.000345440000000 0.000867490000000 -0.000345440000000 -0.000485480000000 0.000345440000000 0.000867490000000 0.000345440000000 0.000329810000000
2 0 1 -1 1 0.000329810000000 0.000345440000000 0.000867490000000 0.000345440000000 -0.000485480000000 -0.000345440000000 0.000867490000000 -0.000345440000000 0.000329810000000
2 -1 1 -1 2 0.000000000000000 0.000000000000000 0.000000000000000 0.000000000000000 0.000000000000000 0.000000000000000 0.000000000000000 0.000000000000000 0.000000000000000
2 -1 1 0 2 -0.004464640000000 0.003941110000000 -0.001944370000000 0.003941110000000 -0.004464640000000 0.001944370000000 0.001944370000000 -0.001944370000000 0.008011500000000
2 -1 2 -1 2 0.000000000000000 0.000000000000000 0.000000000000000 0.000000000000000 0.000000000000000 0.000000000000000 0.000000000000000 0.000000000000000 0.000000000000000
2 0 1 -1 2 0.008011500000000 -0.001944370000000 0.001944370000000 0.001944370000000 -0.004464640000000 0.003941110000000 -0.001944370000000 0.003941110000000 -0.004464640000000
2 -1 2 0 1 0.000000000000000 0.000000000000000 0.000000000000000 0.000000000000000 0.000000000000000 0.000000000000000 0.000000000000000 0.000000000000000 0.000000000000000
2 -2 2 0 2 0.000000000000000 0.000000000000000 0.000000000000000 0.000000000000000 0.000000000000000 0.000000000000000 0.000000000000000 0.000000000000000 0.000000000000000
2 -1 2 0 2 0.000000000000000 0.000000000000000 0.000000000000000 0.000000000000000 0.000000000000000 0.000000000000000 0.000000000000000 0.000000000000000 0.000000000000000
2 1 -1 -1 1 -0.000485480000000 -0.000345440000000 -0.000345440000000 -0.000345440000000 0.000329810000000 -0.000867490000000 -0.000345440000000 -0.000867490000000 0.000329810000000
2 1 -1 0 1 -0.000485480000000 -0.000345440000000 0.000345440000000 -0.000345440000000 0.000329810000000 0.000867490000000 0.000345440000000 0.000867490000000 0.000329810000000
2 1 0 -1 1 -0.000485480000000 0.000345440000000 -0.000345440000000 0.000345440000000 0.000329810000000 0.000867490000000 -0.000345440000000 0.000867490000000 0.000329810000000
2 2 -1 -1 1 -0.000485480000000 0.000345440000000 0.000345440000000 0.000345440000000 0.000329810000000 -0.000867490000000 0.000345440000000 -0.000867490000000 0.000329810000000
2 1 -1 -1 2 0.000000000000000 0.000000000000000 0.000000000000000 0.000000000000000 0.000000000000000 0.000000000000000 0.000000000000000 0.000000000000000 0.000000000000000
2 1 -1 0 2 -0.004464640000000 0.003941110000000 0.001944370000000 0.003941110000000 -0.004464640000000 -0.001944370000000 -0.001944370000000 0.001944370000000 0.008011500000000
2 1 0 -1 2 -0.004464640000000 0.001944370000000 0.003941110000000 -0.001944370000000 0.008011500000000 0.001944370000000 0.003941110000000 -0.001944370000000 -0.004464640000000
2 2 -1 -1 2 0.000000000000000 0.000000000000000 0.000000000000000 0.000000000000000 0.000000000000000 0.000000000000000 0.000000000000000 0.000000000000000 0.000000000000000
2 0 0 0 1 0.000000000000000 0.000000000000000 0.000000000000000 0.000000000000000 0.000000000000000 0.000000000000000 0.000000000000000 0.000000000000000 0.000000000000000
2 0 0 1 1 0.000000000000000 0.000000000000000 -0.000000000000000 0.000000000000000 0.000000000000000 -0.000000000000000 -0.000000000000000 -0.000000000000000 0.000000000000000
2 0 1 0 1 0.000000000000000 -0.000000000000000 0.000000000000000 -0.000000000000000 0.000000000000000 -0.000000000000000 0.000000000000000 -0.000000000000000 0.000000000000000
2 1 0 0 1 0.000000000000000 -0.000000000000000 -0.000000000000000 -0.000000000000000 0.000000000000000 0.000000000000000 -0.000000000000000 0.000000000000000 0.000000000000000
2 0 0 1 2 -0.004464640000000 -0.003941110000000 0.001944370000000 -0.003941110000000 -0.004464640000000 0.001944370000000 -0.001944370000000 -0.001944370000000 0.008011500000000
2 0 1 0 2 -0.004464640000000 0.001944370000000 -0.003941110000000 -0.001944370000000 0.008011500000000 -0.001944370000000 -0.003941110000000 0.001944370000000 -0.004464640000000
2 1 0 0 2 0.008011500000000 -0.001944370000000 -0.001944370000000 0.001944370000000 -0.004464640000000 -0.003941110000000 0.001944370000000 -0.003941110000000 -0.004464640000000
2 -1 1 1 1 -0.000485480000000 -0.000345440000000 -0.000345440000000 -0.000345440000000 0.000329810000000 -0.000867490000000 -0.000345440000000 -0.000867490000000 0.000329810000000
2 -1 1 2 1 -0.000485480000000 -0.000345440000000 0.000345440000000 -0.000345440000000 0.000329810000000 0.000867490000000 0.000345440000000 0.000867490000000 0.000329810000000
2 -1 2 1 1 -0.000485480000000 0.000345440000000 -0.000345440000000 0.000345440000000 0.000329810000000 0.000867490000000 -0.000345440000000 0.000867490000000 0.000329810000000
2 0 1 1 1 -0.000485480000000 0.000345440000000 0.000345440000000 0.000345440000000 0.000329810000000 -0.000867490000000 0.000345440000000 -0.000867490000000 0.000329810000000
2 -1 1 1 2 0.000000000000000 0.000000000000000 0.000000000000000 0.000000000000000 0.000000000000000 0.000000000000000 0.000000000000000 0.000000000000000 0.000000000000000
2 0 1 1 2 0.000000000000000 0.000000000000000 0.000000000000000 0.000000000000000 0.000000000000000 0.000000000000000 0.000000000000000 0.000000000000000 0.000000000000000
2 2 -1 0 1 0.000000000000000 0.000000000000000 0.000000000000000 0.000000000000000 0.000000000000000 0.000000000000000 0.000000000000000 0.000000000000000 0.000000000000000
2 2 -2 0 2 0.000000000000000 0.000000000000000 0.000000000000000 0.000000000000000 0.000000000000000 0.000000000000000 0.000000000000000 0.000000000000000 0.000000000000000
2 2 -1 0 2 0.000000000000000 0.000000000000000 0.000000000000000 0.000000000000000 0.000000000000000 0.000000000000000 0.000000000000000 0.000000000000000 0.000000000000000
2 1 -1 1 1 0.000329810000000 -0.000345440000000 -0.000867490000000 -0.000345440000000 -0.000485480000000 -0.000345440000000 -0.000867490000000 -0.000345440000000 0.000329810000000
2 1 -1 2 1 0.000329810000000 -0.000345440000000 0.000867490000000 -0.000345440000000 -0.000485480000000 0.000345440000000 0.000867490000000 0.000345440000000 0.000329810000000
2 1 0 1 1 0.000329810000000 0.000345440000000 -0.000867490000000 0.000345440000000 -0.000485480000000 0.000345440000000 -0.000867490000000 0.000345440000000 0.000329810000000
2 2 -1 1 1 0.000329810000000 0.000345440000000 0.000867490000000 0.000345440000000 -0.000485480000000 -0.000345440000000 0.000867490000000 -0.000345440000000 0.000329810000000
2 1 -1 1 2 0.000000000000000 0.000000000000000 0.000000000000000 0.000000000000000 0.000000000000000 0.000000000000000 0.000000000000000 0.000000000000000 0.000000000000000
2 1 0 1 2 0.000000000000000 0.000000000000000 0.000000000000000 0.000000000000000 0.000000000000000 0.000000000000000 0.000000000000000 0.000000000000000 0.000000000000000
2 0 0 2 1 0.000000000000000 0.000000000000000 0.000000000000000 0.000000000000000 0.000000000000000 0.000000000000000 0.000000000000000 0.000000000000000 0.000000000000000
2 0 0 2 2 0.000000000000000 0.000000000000000 0.000000000000000 0.000000000000000 0.000000000000000 0.000000000000000 0.000000000000000 0.000000000000000 0.000000000000000
2 1 1 -2 1 0.000000000000000 0.000000000000000 0.000000000000000 0.000000000000000 0.000000000000000 0.000000000000000 0.000000000000000 0.000000000000000 0.000000000000000
2 1 1 -2 2 0.000000000000000 0.000000000000000 0.000000000000000 0.000000000000000 0.000000000000000 0.000000000000000 0.000000000000000 0.000000000000000 0.000000000000000
2 0 2 -1 1 0.000000000000000 0.000000000000000 0.000000000000000 0.000000000000000 0.000000000000000 0.000000000000000 0.000000000000000 0.000000000000000 0.000000000000000
2 0 2 -2 2 0.000000000000000 0.000000000000000 0.000000000000000 0.000000000000000 0.000000000000000 0.000000000000000 0.000000000000000 0.000000000000000 0.000000000000000
2 0 2 -1 2 0.000000000000000 0.000000000000000 0.000000000000000 0.000000000000000 0.000000000000000 0.000000000000000 0.000000000000000 0.000000000000000 0.000000000000000
2 2 0 -1 1 0.000000000000000 0.000000000000000 0.000000000000000 0.000000000000000 0.000000000000000 0.000000000000000 0.000000000000000 0.000000000000000 0.000000000000000
2 2 0 -2 2 0.000000000000000 0.000000000000000 0.000000000000000 0.000000000000000 0.000000000000000 0.000000000000000 0.000000000000000 0.000000000000000 0.000000000000000
2 2 0 -1 2 0.000000000000000 0.000000000000000 0.000000000000000 0.000000000000000 0.000000000000000 0.000000000000000 0.000000000000000 0.000000000000000 0.000000000000000
2 1 1 -1 1 0.000329810000000 -0.000867490000000 -0.000345440000000 -0.000867490000000 0.000329810000000 -0.000345440000000 -0.000345440000000 -0.000345440000000 -0.000485480000000
2 1 1 0 1 0.000329810000000 -0.000867490000000 0.000345440000000 -0.000867490000000 0.000329810000000 0.000345440000000 0.000345440000000 0.000345440000000 -0.000485480000000
2 1 2 -1 1 0.000329810000000 0.000867490000000 -0.000345440000000 0.000867490000000 0.000329810000000 0.000345440000000 -0.000345440000000 0.000345440000000 -0.000485480000000
2 2 1 -1 1 0.000329810000000 0.000867490000000 0.000345440000000 0.000867490000000 0.000329810000000 -0.000345440000000 0.000345440000000 -0.000345440000000 -0.000485480000000
2 1 1 -1 2 0.000000000000000 0.000000000000000 0.000000000000000 0.000000000000000 0.000000000000000 0.000000000000000 0.000000000000000 0.000000000000000 0.000000000000000
2 1 1 0 2 0.000000000000000 0.000000000000000 0.000000000000000 0.000000000000000 0.000000000000000 0.000000000000000 0.000000000000000 0.000000000000000 0.000000000000000
2 0 2 0 1 0.000000000000000 0.000000000000000 0.000000000000000 0.000000000000000 0.000000000000000 0.000000000000000 0.000000000000000 0.000000000000000 0.000000000000000
2 0 2 0 2 0.000000000000000 0.000000000000000 0.000000000000000 0.000000000000000 0.000000000000000 0.000000000000000 0.000000000000000 0.000000000000000 0.000000000000000
2 2 0 0 1 0.000000000000000 0.000000000000000 0.000000000000000 0.000000000000000 0.000000000000000 0.000000000000000 0.000000000000000 0.000000000000000 0.000000000000000
2 2 0 0 2 0.000000000000000 0.000000000000000 0.000000000000000 0.000000000000000 0.000000000000000 0.000000000000000 0.000000000000000 0.000000000000000 0.000000000000000
2 1 1 1 1 0.000000000000000 0.000000000000000 0.000000000000000 0.000000000000000 0.000000000000000 0.000000000000000 0.000000000000000 0.000000000000000 0.000000000000000
