5.472	0	0
8.208	2.736	0
8.208	0	2.736
0	0	0
2.736	2.736	0
5.472	5.472	0
8.208	8.208	0
2.736	0	2.736
5.472	2.736	2.736
8.208	5.472	2.736
5.472	0	5.472
8.208	2.736	5.472
8.208	0	8.208
0	5.472	0
2.736	8.208	0
0	2.736	2.736
2.736	5.472	2.736
5.472	8.208	2.736
0	0	5.472
2.736	2.736	5.472
5.472	5.472	5.472
8.208	8.208	5.472
2.736	0	8.208
5.472	2.736	8.208
8.208	5.472	8.208
0	8.208	2.736
0	5.472	5.472
2.736	8.208	5.472
0	2.736	8.208
2.736	5.472	8.208
5.472	8.208	8.208
0	8.208	8.208
6.84	1.368	1.368
9.576	4.104	1.368
9.576	1.368	4.104
1.368	1.368	1.368
4.104	4.104	1.368
6.84	6.84	1.368
9.576	9.576	1.368
4.104	1.368	4.104
6.84	4.104	4.104
9.576	6.84	4.104
6.84	1.368	6.84
9.576	4.104	6.84
9.576	1.368	9.576
1.368	6.84	1.368
4.104	9.576	1.368
1.368	4.104	4.104
4.104	6.84	4.104
6.84	9.576	4.104
1.368	1.368	6.84
4.104	4.104	6.84
6.84	6.84	6.84
9.576	9.576	6.84
4.104	1.368	9.576
6.84	4.104	9.576
9.576	6.84	9.576
1.368	9.576	4.104
1.368	6.84	6.84
4.104	9.576	6.84
1.368	4.104	9.576
4.104	6.84	9.576
6.84	9.576	9.576
1.368	9.576	9.576

